s14b13factory;S14B13 Factory camshaft;200;0;s14b13
